  5.1520000e-04
  5.8130000e-04
  5.0660000e-04
  8.6060000e-04
  7.6240000e-04
  5.7960000e-04
  5.0590000e-04
  4.9950000e-04
  5.0690000e-04
  7.8010000e-04
  5.7940000e-04
  5.8030000e-04
  9.3200000e-04
  5.7820000e-04
  7.6724000e-03
  1.0325000e-03
  1.0838000e-03
  6.6870000e-04
  5.0680000e-04
  5.0110000e-04
  8.6680000e-04
  4.9760000e-04
  5.0940000e-04
  9.0350000e-04
  7.9370000e-04
  7.5310000e-04
  5.0340000e-04
  5.6780000e-04
  5.7300000e-04
  5.1690000e-04
  6.4050000e-04
  5.0890000e-04
  5.0220000e-04
  5.0340000e-04
