  0.0000000e+00  0.0000000e+00
  6.8889533e-02  2.0000000e-02
  1.3777861e-01  3.0000000e-02
  1.9925951e-01  4.0000000e-02
  2.5403721e-01  5.0000000e-02
  3.0274960e-01  6.0000000e-02
  3.4597387e-01  7.0000000e-02
  3.8423229e-01  8.0000000e-02
  4.1799742e-01  9.0000000e-02
  4.4769685e-01  1.0000000e-01
  4.7371749e-01  1.1000000e-01
  4.9640942e-01  1.2000000e-01
  5.1608941e-01  1.3000000e-01
  5.3304408e-01  1.4000000e-01
  5.4753278e-01  1.5000000e-01
  5.5979018e-01  1.6000000e-01
  5.7002861e-01  1.7000000e-01
  5.7844021e-01  1.8000000e-01
  5.8519881e-01  1.9000000e-01
  5.9046174e-01  2.0000000e-01
  5.9437130e-01  2.1000000e-01
  5.9705631e-01  2.2000000e-01
  5.9863328e-01  2.3000000e-01
  5.9920767e-01  2.4000000e-01
  5.9887487e-01  2.5000000e-01
  5.9772123e-01  2.6000000e-01
  5.9582485e-01  2.7000000e-01
  5.9325641e-01  2.8000000e-01
  5.9007988e-01  2.9000000e-01
  5.8635311e-01  3.0000000e-01
  5.8212847e-01  3.1000000e-01
  5.7745334e-01  3.2000000e-01
  5.7237059e-01  3.3000000e-01
  5.6691900e-01  3.4000000e-01
  5.6113368e-01  3.5000000e-01
  5.5504639e-01  3.6000000e-01
  5.4868587e-01  3.7000000e-01
  5.4207810e-01  3.8000000e-01
  5.3524663e-01  3.9000000e-01
  5.2821274e-01  4.0000000e-01
  5.2099569e-01  4.1000000e-01
  5.1361292e-01  4.2000000e-01
  5.0608019e-01  4.3000000e-01
  4.9841177e-01  4.4000000e-01
  4.9062059e-01  4.5000000e-01
  4.8271831e-01  4.6000000e-01
  4.7471551e-01  4.7000000e-01
  4.6662176e-01  4.8000000e-01
  4.5844571e-01  4.9000000e-01
  4.5019520e-01  5.0000000e-01
  4.4187731e-01  5.1000000e-01
  4.3349845e-01  5.2000000e-01
  4.2506442e-01  5.3000000e-01
  4.1658048e-01  5.4000000e-01
  4.0805138e-01  5.5000000e-01
  3.9948140e-01  5.6000000e-01
  3.9087445e-01  5.7000000e-01
  3.8223403e-01  5.8000000e-01
  3.7356335e-01  5.9000000e-01
  3.6486526e-01  6.0000000e-01
  3.5614239e-01  6.1000000e-01
  3.4739709e-01  6.2000000e-01
  3.3863150e-01  6.3000000e-01
  3.2984754e-01  6.4000000e-01
  3.2104697e-01  6.5000000e-01
  3.1223136e-01  6.6000000e-01
  3.0340215e-01  6.7000000e-01
  2.9456063e-01  6.8000000e-01
  2.8570798e-01  6.9000000e-01
  2.7684524e-01  7.0000000e-01
  2.6797339e-01  7.1000000e-01
  2.5909328e-01  7.2000000e-01
  2.5020571e-01  7.3000000e-01
  2.4131139e-01  7.4000000e-01
  2.3241095e-01  7.5000000e-01
  2.2350498e-01  7.6000000e-01
  2.1459400e-01  7.7000000e-01
  2.0567850e-01  7.8000000e-01
  1.9675890e-01  7.9000000e-01
  1.8783559e-01  8.0000000e-01
  1.7890893e-01  8.1000000e-01
  1.6997923e-01  8.2000000e-01
  1.6104679e-01  8.3000000e-01
  1.5211186e-01  8.4000000e-01
  1.4317468e-01  8.5000000e-01
  1.3423547e-01  8.6000000e-01
  1.2529442e-01  8.7000000e-01
  1.1635170e-01  8.8000000e-01
  1.0740747e-01  8.9000000e-01
  9.8461883e-02  9.0000000e-01
  8.9515059e-02  9.1000000e-01
  8.0567118e-02  9.2000000e-01
  7.1618166e-02  9.3000000e-01
  6.2668301e-02  9.4000000e-01
  5.3717608e-02  9.5000000e-01
  4.4766166e-02  9.6000000e-01
  3.5814047e-02  9.7000000e-01
  2.6861316e-02  9.8000000e-01
  1.7908030e-02  9.9000000e-01
  0.0000000e+00  1.0000000e+00
